35
     0    71    92     0     0   106    75   128     0   138   110     0     0     0     0    76     0    71   121   135    92   145     0     0    71   132   142     0     0     0    75   132     0    87     0
    71     0     0    81    96     0    71   115   115   108    92     0   146     0   133     0   143    83     0   111   144     0     0   104     0   121     0   123    82     0   109     0     0    83   142
    92     0     0     0   110   108     0     0     0   127   106     0     0     0   104     0     0   102     0   142     0     0     0    96   106   124    87     0     0    91     0   149     0    88     0
     0    81     0     0   135     0    89     0   100     0    78     0   140    83     0     0   125     0     0    73    98     0   119    81   148    92    92   108    80   138     0   122     0   117     0
     0    96   110   135     0     0   115     0   132     0    71   146     0   124    97     0    77    73    88    97     0     0   126     0     0     0     0    80   137   144   109   119   134     0     0
   106     0   108     0     0     0     0    96     0    94     0     0   136     0     0   123   118   146    97   114     0   143   134   123     0   106    81    91    72   117    91     0     0   122   145
    75    71     0    89   115     0     0    92     0   104     0     0   147     0     0   110     0     0   105     0     0   123   119    92     0   117   133     0   140    77    79   139     0   117   132
   128   115     0     0     0    96    92     0     0   107    89     0    79     0    71     0     0     0   136   117   124     0    92   102     0     0     0     0     0   144     0     0     0     0     0
     0   115     0   100   132     0     0     0     0     0   147   148    85   120   143    82     0   128     0   115   121    83     0    88     0   144    80   109     0   127   124   115   136     0   113
   138   108   127     0     0    94   104   107     0     0     0     0     0     0   137     0    93     0     0     0   149     0     0    76     0    76   125   116     0    97     0    99   137   103   147
   110    92   106    78    71     0     0    89   147     0     0   135   101   136    80   148   147   137   113   118   149   105    88     0     0     0   133     0   143   144   108    84     0   105     0
     0     0     0     0   146     0     0     0   148     0   135     0    71     0   125     0   102     0   125   105    82    75    71     0   108     0   103   137     0     0     0   140    75   122     0
     0   146     0   140     0   136   147    79    85     0   101    71     0   145   140   106   118   138     0     0    93   135    81     0   147    90    98   130     0   138   147   142   126     0     0
     0     0     0    83   124     0     0     0   120     0   136     0   145     0   102   143   101     0     0   109     0    93   135     0   120    97   110    79   104     0     0    97   123   108     0
     0   133   104     0    97     0     0    71   143   137    80   125   140   102     0   124     0     0    94     0    73     0     0     0    80   141     0     0     0     0   140    78   127   126    75
    76     0     0     0     0   123   110     0    82     0   148     0   106   143   124     0     0   121     0     0     0     0     0    74     0     0   109   109   125     0     0     0     0   102   139
     0   143     0   125    77   118     0     0     0    93   147   102   118   101     0     0     0    78   149    90    91     0   146   129   140     0    93   143   123   101    91    97   138   119   120
    71    83   102     0    73   146     0     0   128     0   137     0   138     0     0   121    78     0     0   140     0     0     0   103    86   106   110     0   142     0     0     0     0    82    89
   121     0     0     0    88    97   105   136     0     0   113   125     0     0    94     0   149     0     0   114   139   128     0     0   127   115     0   134   117     0     0    97     0     0   133
   135   111   142    73    97   114     0   117   115     0   118   105     0   109     0     0    90   140   114     0   111   117   129   145     0     0    82   126     0   138   135    77   133   136     0
    92   144     0    98     0     0     0   124   121   149   149    82    93     0    73     0    91     0   139   111     0   119   102     0     0    81    84     0   135     0    96   119   149   143   105
   145     0     0     0     0   143   123     0    83     0   105    75   135    93     0     0     0     0   128   117   119     0    89     0     0     0    82     0     0     0     0   149   146   138     0
     0     0     0   119   126   134   119    92     0     0    88    71    81   135     0     0   146     0     0   129   102    89     0    89   130    80     0    90    88    96     0   111   121    91   122
     0   104    96    81     0   123    92   102    88    76     0     0     0     0     0    74   129   103     0   145     0     0    89     0     0    97   133     0     0   107     0     0     0    78   117
    71     0   106   148     0     0     0     0     0     0     0   108   147   120    80     0   140    86   127     0     0     0   130     0     0     0   147   126   123    78     0   139     0     0    83
   132   121   124    92     0   106   117     0   144    76     0     0    90    97   141     0     0   106   115     0    81     0    80    97     0     0    79     0     0    84     0     0     0     0    83
   142     0    87    92     0    81   133     0    80   125   133   103    98   110     0   109    93   110     0    82    84    82     0   133   147    79     0     0     0    72     0   118   101    83    92
     0   123     0   108    80    91     0     0   109   116     0   137   130    79     0   109   143     0   134   126     0     0    90     0   126     0     0     0    72   125   110     0     0   106   110
     0    82     0    80   137    72   140     0     0     0   143     0     0   104     0   125   123   142   117     0   135     0    88     0   123     0     0    72     0     0   129     0   123   135     0
     0     0    91   138   144   117    77   144   127    97   144     0   138     0     0     0   101     0     0   138     0     0    96   107    78    84    72   125     0     0     0     0     0    90   148
    75   109     0     0   109    91    79     0   124     0   108     0   147     0   140     0    91     0     0   135    96     0     0     0     0     0     0   110   129     0     0   130   142     0    95
   132     0   149   122   119     0   139     0   115    99    84   140   142    97    78     0    97     0    97    77   119   149   111     0   139     0   118     0     0     0   130     0    88     0    74
     0     0     0     0   134     0     0     0   136   137     0    75   126   123   127     0   138     0     0   133   149   146   121     0     0     0   101     0   123     0   142    88     0   102   134
    87    83    88   117     0   122   117     0     0   103   105   122     0   108   126   102   119    82     0   136   143   138    91    78     0     0    83   106   135    90     0     0   102     0   126
     0   142     0     0     0   145   132     0   113   147     0     0     0     0    75   139   120    89   133     0   105     0   122   117    83    83    92   110     0   148    95    74   134   126     0
